0.171643 -0.586007 -1.523901
0.174603 -0.644436 -1.514241
0.178046 -0.701064 -1.507127
0.181288 -0.752504 -1.510682
0.184165 -0.802689 -1.515936
0.187117 -0.858153 -1.519123
0.189801 -0.911080 -1.520767
0.192399 -0.963397 -1.521227
0.195087 -1.016948 -1.520155
0.197822 -1.070370 -1.519240
0.195035 -1.123885 -1.515743
0.197987 -1.177265 -1.515496
0.200932 -1.230465 -1.515695
0.203855 -1.284164 -1.517247
0.206643 -1.336884 -1.518382
0.204483 -1.392384 -1.520489
0.207171 -1.446581 -1.521601
0.209710 -1.498117 -1.521660
0.212396 -1.552804 -1.521931
0.201243 -1.602999 -1.542920
0.202730 -1.656551 -1.543226
0.204193 -1.709891 -1.543617
0.205595 -1.762557 -1.544717
0.206962 -1.815823 -1.545325
0.211187 -1.874124 -1.538327
0.212886 -1.927081 -1.538961
0.214574 -1.980072 -1.539203
0.216259 -2.033457 -1.539342
0.217945 -2.087140 -1.539461
0.194688 -2.131947 -1.561881
0.195162 -2.185139 -1.561881
0.195633 -2.237964 -1.561932
0.196071 -2.291426 -1.563104
0.196469 -2.344852 -1.563581
0.192239 -2.402242 -1.579751
0.191743 -2.455207 -1.580338
0.191240 -2.508417 -1.580368
0.190722 -2.561969 -1.580685
0.190208 -2.614041 -1.580581
0.192912 -2.664986 -1.580885
0.192363 -2.718919 -1.581086
0.196696 -2.771407 -1.505684
0.199896 -2.828585 -1.519273
0.202808 -2.882246 -1.512164
0.205972 -2.932341 -1.504451
0.209743 -2.987405 -1.500678
0.245370 -3.006117 -1.679714
0.245289 -3.006084 -1.856648
0.236253 -3.021352 -2.039359
0.236302 -3.021327 -2.218050
0.239680 -3.046996 -2.394053
0.265195 -3.063578 -2.578473
0.283626 -3.081240 -2.753146
0.288063 -3.093460 -2.929836
0.290651 -3.101556 -3.112585
0.293164 -3.108561 3.135110
0.297023 -3.118823 2.960362
0.315384 -3.115419 2.775770
0.322204 -3.115895 2.596787
0.335628 -3.135568 2.416989
0.345026 -3.153658 2.240424
0.348168 -3.159610 2.062917
0.343353 -3.166147 1.882267
0.342221 -3.110921 1.755531
0.331650 -3.055798 1.766929
0.319640 -2.997220 1.777249
0.308869 -2.945863 1.777448
0.297788 -2.892860 1.775953
0.287199 -2.841511 1.772694
0.276420 -2.788596 1.770811
0.266234 -2.738136 1.769459
0.256278 -2.688533 1.768808
0.243861 -2.637730 1.668462
0.237651 -2.580322 1.684676
0.231876 -2.529269 1.680420
0.226460 -2.477965 1.671953
0.221326 -2.425969 1.666835
0.222247 -2.374813 1.592373
0.220640 -2.316719 1.602624
0.219083 -2.266407 1.599951
0.217689 -2.214699 1.596018
0.216382 -2.160126 1.593755
0.212869 -2.108721 1.587156
0.211972 -2.055571 1.588470
0.210973 -2.001909 1.590355
0.209905 -1.949202 1.591685
0.176366 -1.896620 1.611412
0.161088 -1.843376 1.618627
0.158610 -1.791367 1.617959
0.156141 -1.738225 1.616445
0.153752 -1.685396 1.615423
0.127056 -1.640025 1.548111
0.127914 -1.582990 1.559561
0.128623 -1.531245 1.554322
0.129564 -1.480956 1.550109
0.130763 -1.426366 1.547481
0.132075 -1.372280 1.545739
0.116989 -1.320905 1.557326
0.117724 -1.267903 1.556702
0.118496 -1.215320 1.555470
0.106152 -1.219063 1.731200
0.094138 -1.161992 1.767658
0.083395 -1.106970 1.763552
0.073129 -1.056228 1.777578
0.075533 -1.025196 1.960948
0.054015 -0.974031 1.963470
0.032153 -0.920851 1.960762
0.015264 -0.872870 1.967507
0.018112 -0.821828 1.945960
-0.001169 -0.772788 1.943898
-0.020143 -0.723972 1.939251
-0.015979 -0.734260 1.763158
-0.019384 -0.680877 1.720902
-0.028793 -0.628091 1.767460
-0.035290 -0.595813 1.583061
-0.035223 -0.596027 1.406036
-0.035400 -0.596825 1.228737
-0.047237 -0.589124 1.041815
-0.034837 -0.586760 0.865796
-0.026803 -0.576805 0.680075
-0.017202 -0.590542 0.500402
-0.017319 -0.590566 0.321201
-0.028472 -0.576920 0.136920
-0.026074 -0.594680 -0.039352
-0.014872 -0.575186 -0.225654
-0.004956 -0.554601 -0.403125
0.034413 -0.573276 -0.581192
0.081116 -0.604484 -0.588254
0.124305 -0.632806 -0.566064
0.138059 -0.638230 -0.751819
0.137622 -0.637977 -0.935364
0.137298 -0.638091 -1.112459
0.142819 -0.635084 -1.292751
EOP
